T	uv	vt	tt
100000000	0.18006492	0.26352349	-0.24342099
1000000	0.18012013	0.26374983	-0.24443454
500000	0.18017661	0.26398041	-0.24548344
333333.33	0.18023382	0.26421295	-0.24655767
250000	0.18029176	0.26444744	-0.2476573
200000	0.18035045	0.26468388	-0.2487824
166666.67	0.18040989	0.26492224	-0.24993306
142857.14	0.18047009	0.26516253	-0.25110935
125000	0.18053105	0.26540473	-0.25231133
111111.11	0.18059279	0.26564882	-0.25353909
100000	0.1806553	0.2658948	-0.25479268
90909.091	0.18071861	0.26614266	-0.25607218
83333.333	0.18078272	0.26639237	-0.25737766
76923.077	0.18084763	0.26664393	-0.25870918
71428.571	0.18091336	0.26689732	-0.2600668
66666.667	0.18097991	0.26715253	-0.26145058
62500	0.18104729	0.26740954	-0.26286059
58823.529	0.1811155	0.26766834	-0.26429688
55555.556	0.18118456	0.26792892	-0.26575951
52631.579	0.18125447	0.26819125	-0.26724854
50000	0.18132524	0.26845532	-0.26876402
47619.048	0.18139688	0.26872111	-0.27030601
45454.545	0.1814694	0.2689886	-0.27187455
43478.261	0.1815428	0.26925778	-0.2734697
41666.667	0.18161708	0.26952864	-0.27509151
40000	0.18169227	0.26980114	-0.27674003
38461.538	0.18176836	0.27007527	-0.27841529
37037.037	0.18184537	0.27035102	-0.28011736
35714.286	0.1819233	0.27062836	-0.28184627
34482.759	0.18200215	0.27090727	-0.28360206
33333.333	0.18208194	0.27118773	-0.28538478
32258.065	0.18216267	0.27146973	-0.28719446
31250	0.18224435	0.27175323	-0.28903116
30303.03	0.18232699	0.27203823	-0.2908949
29411.765	0.18241059	0.27232469	-0.29278572
28571.429	0.18249516	0.2726126	-0.29470367
27777.778	0.18258071	0.27290193	-0.29664877
27027.027	0.18266725	0.27319267	-0.29862106
26315.789	0.18275477	0.27348478	-0.30062057
25641.026	0.18284329	0.27377825	-0.30264735
25000	0.18293281	0.27407306	-0.30470141
24390.244	0.18302335	0.27436917	-0.30678279
23809.524	0.1831149	0.27466657	-0.30889152
23255.814	0.18320747	0.27496523	-0.31102763
22727.273	0.18330107	0.27526513	-0.31319114
22222.222	0.1833957	0.27556624	-0.3153821
21739.13	0.18349138	0.27586854	-0.31760052
21276.596	0.1835881	0.27617201	-0.31984643
20833.333	0.18368588	0.27647662	-0.32211985
20408.163	0.18378471	0.27678235	-0.32442082
20000	0.1838846	0.27708917	-0.32674936
19607.843	0.18398557	0.27739705	-0.32910549
19230.769	0.1840876	0.27770598	-0.33148924
18867.925	0.18419072	0.27801592	-0.33390063
18518.519	0.18429492	0.27832685	-0.33633969
18181.818	0.18440021	0.27863875	-0.33880643
17857.143	0.18450659	0.27895159	-0.34130089
17543.86	0.18461407	0.27926534	-0.34382308
17241.379	0.18472265	0.27957998	-0.34637303
16949.153	0.18483234	0.27989548	-0.34895076
16666.667	0.18494313	0.28021182	-0.35155629
16393.443	0.18505505	0.28052898	-0.35418965
16129.032	0.18516808	0.28084692	-0.35685086
15873.016	0.18528224	0.28116562	-0.35953994
15625	0.18539752	0.28148505	-0.36225691
15384.615	0.18551394	0.2818052	-0.3650018
15151.515	0.18563148	0.28212603	-0.36777462
14925.373	0.18575017	0.28244752	-0.37057541
14705.882	0.18586999	0.28276964	-0.37340419
14492.754	0.18599096	0.28309237	-0.37626097
14285.714	0.18611308	0.28341568	-0.37914579
14084.507	0.18623634	0.28373954	-0.38205867
13888.889	0.18636076	0.28406394	-0.38499962
13698.63	0.18648633	0.28438885	-0.38796869
13513.514	0.18661305	0.28471423	-0.39096589
13333.333	0.18674094	0.28504007	-0.39399125
13157.895	0.18686998	0.28536635	-0.3970448
12987.013	0.18700019	0.28569303	-0.40012657
12820.513	0.18713157	0.28602009	-0.40323657
12658.228	0.18726411	0.28634751	-0.40637485
12500	0.18739782	0.28667526	-0.40954143
12345.679	0.18753269	0.28700332	-0.41273634
12195.122	0.18766874	0.28733167	-0.41595961
12048.193	0.18780596	0.28766028	-0.41921128
11904.762	0.18794436	0.28798912	-0.42249138
11764.706	0.18808393	0.28831818	-0.42579994
11627.907	0.18822467	0.28864742	-0.429137
11494.253	0.18836659	0.28897684	-0.43250259
11363.636	0.18850968	0.2893064	-0.43589674
11235.955	0.18865395	0.28963608	-0.43931951
11111.111	0.18879939	0.28996585	-0.44277092
10989.011	0.18894602	0.2902957	-0.44625103
10869.565	0.18909381	0.29062561	-0.44975986
10752.688	0.18924279	0.29095555	-0.45329746
10638.298	0.18939294	0.29128549	-0.45686388
10526.316	0.18954427	0.29161542	-0.46045915
10416.667	0.18969677	0.29194532	-0.46408334
10309.278	0.18985045	0.29227517	-0.46773649
10204.082	0.1900053	0.29260493	-0.47141864
10101.01	0.19016132	0.2929346	-0.47512984
10000	0.19031851	0.29326415	-0.47887016
9900.9901	0.19047688	0.29359357	-0.48263964
9803.9216	0.19063642	0.29392282	-0.48643833
9708.7379	0.19079712	0.2942519	-0.49026631
9615.3846	0.19095899	0.29458078	-0.49412362
9523.8095	0.19112203	0.29490944	-0.49801032
9433.9623	0.19128623	0.29523786	-0.50192648
9345.7944	0.19145159	0.29556603	-0.50587216
9259.2593	0.19161811	0.29589392	-0.50984743
9174.3119	0.19178579	0.29622152	-0.51385236
9090.9091	0.19195463	0.2965488	-0.517887
9009.009	0.19212462	0.29687576	-0.52195144
8928.5714	0.19229576	0.29720237	-0.52604575
8849.5575	0.19246806	0.29752862	-0.53017
8771.9298	0.19264149	0.29785448	-0.53432427
8695.6522	0.19281608	0.29817995	-0.53850864
8620.6897	0.1929918	0.29850499	-0.54272319
8547.0085	0.19316867	0.29882961	-0.546968
8474.5763	0.19334667	0.29915378	-0.55124315
8403.3613	0.1935258	0.29947748	-0.55554874
8333.3333	0.19370607	0.2998007	-0.55988484
8264.4628	0.19388746	0.30012342	-0.56425156
8196.7213	0.19406997	0.30044563	-0.56864899
8130.0813	0.19425361	0.30076732	-0.57307722
8064.5161	0.19443836	0.30108846	-0.57753635
8000	0.19462423	0.30140905	-0.58202647
7936.5079	0.19481121	0.30172906	-0.5865477
7874.0157	0.1949993	0.30204849	-0.59110013
7812.5	0.19518849	0.30236733	-0.59568388
7751.938	0.19537878	0.30268555	-0.60029905
7692.3077	0.19557017	0.30300314	-0.60494574
7633.5878	0.19576265	0.30332009	-0.60962409
7575.7576	0.19595622	0.3036364	-0.6143342
7518.797	0.19615088	0.30395204	-0.61907619
7462.6866	0.19634661	0.304267	-0.62385019
7407.4074	0.19654343	0.30458127	-0.62865631
7352.9412	0.19674131	0.30489484	-0.63349468
7299.2701	0.19694027	0.3052077	-0.63836543
7246.3768	0.19714029	0.30551983	-0.6432687
7194.2446	0.19734137	0.30583123	-0.64820461
7142.8571	0.1975435	0.30614188	-0.65317331
7092.1986	0.19774669	0.30645178	-0.65817493
7042.2535	0.19795093	0.3067609	-0.66320961
6993.007	0.19815621	0.30706925	-0.6682775
6944.4444	0.19836252	0.30737681	-0.67337874
6896.5517	0.19856988	0.30768357	-0.67851349
6849.3151	0.19877826	0.30798952	-0.6836819
6802.7211	0.19898766	0.30829465	-0.68888412
6756.7568	0.19919809	0.30859895	-0.69412031
6711.4094	0.19940953	0.30890242	-0.69939063
6666.6667	0.19962198	0.30920504	-0.70469525
6622.5166	0.19983544	0.30950681	-0.71003433
6578.9474	0.2000499	0.30980772	-0.71540804
6535.9477	0.20026536	0.31010775	-0.72081655
6493.5065	0.20048181	0.31040691	-0.72626004
6451.6129	0.20069925	0.31070518	-0.73173869
6410.2564	0.20091766	0.31100255	-0.73725268
6369.4268	0.20113706	0.31129902	-0.74280219
6329.1139	0.20135743	0.31159458	-0.74838741
6289.3082	0.20157876	0.31188923	-0.75400853
6250	0.20180106	0.31218295	-0.75966574
6211.1801	0.20202432	0.31247574	-0.76535924
6172.8395	0.20224852	0.3127676	-0.77108923
6134.9693	0.20247368	0.31305851	-0.77685591
6097.561	0.20269978	0.31334847	-0.78265949
6060.6061	0.20292681	0.31363747	-0.78850017
6024.0964	0.20315478	0.31392551	-0.79437817
5988.024	0.20338367	0.31421259	-0.8002937
5952.381	0.20361349	0.31449869	-0.80624698
5917.1598	0.20384422	0.31478382	-0.81223824
5882.3529	0.20407587	0.31506796	-0.81826769
5847.9532	0.20430842	0.31535111	-0.82433557
5813.9535	0.20454187	0.31563327	-0.8304421
5780.3468	0.20477622	0.31591443	-0.83658753
5747.1264	0.20501146	0.31619458	-0.84277209
5714.2857	0.20524759	0.31647373	-0.84899602
5681.8182	0.2054846	0.31675187	-0.85525957
5649.7175	0.20572248	0.31702899	-0.86156298
5617.9775	0.20596123	0.3173051	-0.86790651
5586.5922	0.20620085	0.31758017	-0.87429042
5555.5556	0.20644133	0.31785422	-0.88071495
5524.8619	0.20668267	0.31812725	-0.88718038
5494.5055	0.20692485	0.31839923	-0.89368698
5464.4809	0.20716788	0.31867018	-0.900235
5434.7826	0.20741175	0.31894009	-0.90682473
5405.4054	0.20765645	0.31920895	-0.91345644
5376.3441	0.20790198	0.31947677	-0.92013041
5347.5936	0.20814833	0.31974353	-0.92684693
5319.1489	0.20839551	0.32000925	-0.93360628
5291.0053	0.20864349	0.32027391	-0.94040876
5263.1579	0.20889229	0.32053751	-0.94725467
5235.6021	0.20914189	0.32080005	-0.95414429
5208.3333	0.20939228	0.32106153	-0.96107794
5181.3472	0.20964347	0.32132195	-0.96805593
5154.6392	0.20989545	0.3215813	-0.97507856
5128.2051	0.2101482	0.32183959	-0.98214615
5102.0408	0.21040174	0.3220968	-0.98925902
5076.1421	0.21065605	0.32235295	-0.99641749
5050.5051	0.21091112	0.32260802	-1.0036219
5025.1256	0.21116696	0.32286202	-1.0108726
5000	0.21142355	0.32311494	-1.0181698
4975.1244	0.2116809	0.32336678	-1.025514
4950.495	0.21193899	0.32361755	-1.0329055
4926.1084	0.21219783	0.32386724	-1.0403446
4901.9608	0.2124574	0.32411586	-1.0478317
4878.0488	0.2127177	0.32436339	-1.0553671
4854.3689	0.21297873	0.32460984	-1.0629512
4830.9179	0.21324048	0.32485521	-1.0705844
4807.6923	0.21350294	0.32509949	-1.0782671
4784.689	0.21376612	0.3253427	-1.0859995
4761.9048	0.21403	0.32558482	-1.0937821
4739.3365	0.21429459	0.32582586	-1.1016153
4716.9811	0.21455987	0.32606581	-1.1094995
4694.8357	0.21482584	0.32630468	-1.117435
4672.8972	0.2150925	0.32654247	-1.1254222
4651.1628	0.21535985	0.32677917	-1.1334616
4629.6296	0.21562787	0.32701479	-1.1415536
4608.2949	0.21589656	0.32724933	-1.1496986
4587.156	0.21616591	0.32748279	-1.1578969
4566.21	0.21643593	0.32771516	-1.166149
4545.4545	0.21670661	0.32794645	-1.1744554
4524.8869	0.21697794	0.32817666	-1.1828164
4504.5045	0.21724992	0.32840578	-1.1912326
4484.3049	0.21752254	0.32863383	-1.1997043
4464.2857	0.2177958	0.3288608	-1.208232
4444.4444	0.21806969	0.32908668	-1.2168161
4424.7788	0.21834421	0.32931149	-1.2254571
4405.2863	0.21861935	0.32953522	-1.2341555
4385.9649	0.21889512	0.32975788	-1.2429117
4366.8122	0.2191715	0.32997946	-1.2517263
4347.8261	0.21944849	0.33019996	-1.2605996
4329.0043	0.21972608	0.3304194	-1.2695322
4310.3448	0.22000427	0.33063776	-1.2785245
4291.8455	0.22028306	0.33085504	-1.2875771
4273.5043	0.22056245	0.33107126	-1.2966905
4255.3191	0.22084241	0.33128641	-1.3058651
4237.2881	0.22112296	0.3315005	-1.3151016
4219.4093	0.22140409	0.33171351	-1.3244003
4201.6807	0.2216858	0.33192547	-1.3337618
4184.1004	0.22196807	0.33213636	-1.3431867
4166.6667	0.2222509	0.33234619	-1.3526755
4149.3776	0.22253429	0.33255496	-1.3622287
4132.2314	0.22281824	0.33276267	-1.3718469
4115.2263	0.22310274	0.33296933	-1.3815306
4098.3607	0.22338779	0.33317493	-1.3912805
4081.6327	0.22367338	0.33337948	-1.401097
4065.0407	0.22395951	0.33358298	-1.4109808
4048.583	0.22424617	0.33378543	-1.4209324
4032.2581	0.22453336	0.33398684	-1.4309524
4016.0643	0.22482107	0.3341872	-1.4410415
4000	0.2251093	0.33438651	-1.4512002
3984.0637	0.22539805	0.33458479	-1.4614291
3968.254	0.22568732	0.33478203	-1.4717289
3952.5692	0.22597709	0.33497823	-1.4821001
3937.0079	0.22626736	0.3351734	-1.4925435
3921.5686	0.22655813	0.33536753	-1.5030596
3906.25	0.2268494	0.33556063	-1.5136491
3891.0506	0.22714116	0.33575271	-1.5243126
3875.969	0.2274334	0.33594376	-1.5350509
3861.0039	0.22772613	0.33613379	-1.5458645
3846.1538	0.22801933	0.33632279	-1.5567542
3831.4176	0.22831301	0.33651078	-1.5677206
3816.7939	0.22860716	0.33669775	-1.5787645
3802.2814	0.22890178	0.33688371	-1.5898865
3787.8788	0.22919686	0.33706866	-1.6010874
3773.5849	0.2294924	0.3372526	-1.6123678
3759.3985	0.22978839	0.33743553	-1.6237286
3745.3184	0.23008483	0.33761746	-1.6351703
3731.3433	0.23038172	0.33779839	-1.6466939
3717.4721	0.23067905	0.33797832	-1.6582999
3703.7037	0.23097682	0.33815725	-1.6699893
3690.0369	0.23127502	0.33833519	-1.6817627
3676.4706	0.23157365	0.33851214	-1.693621
3663.0037	0.23187271	0.3386881	-1.7055649
3649.635	0.2321722	0.33886308	-1.7175952
3636.3636	0.2324721	0.33903707	-1.7297128
3623.1884	0.23277242	0.33921009	-1.7419184
3610.1083	0.23307315	0.33938212	-1.7542129
3597.1223	0.23337429	0.33955319	-1.7665972
3584.2294	0.23367583	0.33972328	-1.779072
3571.4286	0.23397777	0.3398924	-1.7916382
3558.7189	0.23428011	0.34006056	-1.8042968
3546.0993	0.23458284	0.34022775	-1.8170486
3533.5689	0.23488596	0.34039399	-1.8298944
3521.1268	0.23518947	0.34055926	-1.8428352
3508.7719	0.23549336	0.34072359	-1.8558719
3496.5035	0.23579763	0.34088696	-1.8690054
3484.3206	0.23610227	0.34104938	-1.8822366
3472.2222	0.23640728	0.34121086	-1.8955666
3460.2076	0.23671266	0.34137139	-1.9089962
3448.2759	0.23701841	0.34153099	-1.9225265
3436.4261	0.23732451	0.34168965	-1.9361583
3424.6575	0.23763098	0.34184738	-1.9498928
3412.9693	0.23793779	0.34200417	-1.9637309
3401.3605	0.23824496	0.34216004	-1.9776736
3389.8305	0.23855247	0.34231498	-1.991722
3378.3784	0.23886033	0.342469	-2.0058771
3367.0034	0.23916853	0.34262211	-2.0201399
3355.7047	0.23947706	0.3427743	-2.0345116
3344.4816	0.23978593	0.34292557	-2.0489933
3333.3333	0.24009512	0.34307594	-2.063586
3322.2591	0.24040464	0.3432254	-2.0782908
3311.2583	0.24071449	0.34337396	-2.0931089
3300.33	0.24102465	0.34352162	-2.1080415
3289.4737	0.24133514	0.34366838	-2.1230896
3278.6885	0.24164593	0.34381425	-2.1382545
3267.9739	0.24195704	0.34395923	-2.1535373
3257.329	0.24226845	0.34410332	-2.1689392
3246.7532	0.24258016	0.34424652	-2.1844616
3236.246	0.24289218	0.34438885	-2.2001055
3225.8065	0.24320449	0.3445303	-2.2158723
3215.4341	0.24351709	0.34467087	-2.2317632
3205.1282	0.24382999	0.34481057	-2.2477795
3194.8882	0.24414318	0.3449494	-2.2639225
3184.7134	0.24445664	0.34508737	-2.2801935
3174.6032	0.24477039	0.34522448	-2.296594
3164.557	0.24508442	0.34536072	-2.3131251
3154.5741	0.24539873	0.34549612	-2.3297883
3144.6541	0.2457133	0.34563066	-2.346585
3134.7962	0.24602815	0.34576435	-2.3635166
3125	0.24634326	0.34589719	-2.3805846
3115.2648	0.24665863	0.34602919	-2.3977903
3105.5901	0.24697427	0.34616036	-2.4151352
3095.9752	0.24729016	0.34629068	-2.4326209
3086.4198	0.24760631	0.34642017	-2.4502489
3076.9231	0.2479227	0.34654884	-2.4680206
3067.4847	0.24823935	0.34667667	-2.4859376
3058.104	0.24855624	0.34680369	-2.5040015
3048.7805	0.24887337	0.34692988	-2.522214
3039.5137	0.24919075	0.34705526	-2.5405765
3030.303	0.24950836	0.34717982	-2.5590908
3021.148	0.2498262	0.34730357	-2.5777584
3012.0482	0.25014427	0.34742651	-2.5965812
3003.003	0.25046258	0.34754865	-2.6155608
2994.012	0.25078111	0.34766999	-2.634699
2985.0746	0.25109986	0.34779053	-2.6539974
2976.1905	0.25141883	0.34791028	-2.6734579
2967.3591	0.25173802	0.34802924	-2.6930823
2958.5799	0.25205742	0.34814741	-2.7128725
2949.8525	0.25237704	0.34826479	-2.7328302
2941.1765	0.25269686	0.34838139	-2.7529574
2932.5513	0.25301689	0.34849722	-2.773256
2923.9766	0.25333712	0.34861226	-2.793728
2915.4519	0.25365756	0.34872654	-2.8143753
2906.9767	0.25397819	0.34884005	-2.8351999
2898.5507	0.25429902	0.34895279	-2.8562038
2890.1734	0.25462004	0.34906477	-2.8773892
2881.8444	0.25494125	0.34917599	-2.8987581
2873.5632	0.25526265	0.34928646	-2.9203126
2865.3295	0.25558424	0.34939617	-2.9420549
2857.1429	0.25590601	0.34950514	-2.9639871
2849.0028	0.25622796	0.34961335	-2.9861116
2840.9091	0.25655008	0.34972083	-3.0084305
2832.8612	0.25687238	0.34982756	-3.0309462
2824.8588	0.25719486	0.34993356	-3.0536609
2816.9014	0.2575175	0.35003882	-3.076577
2808.9888	0.25784031	0.35014336	-3.099697
2801.1204	0.25816329	0.35024716	-3.1230232
2793.2961	0.25848643	0.35035025	-3.1465581
2785.5153	0.25880973	0.35045261	-3.1703043
2777.7778	0.25913319	0.35055425	-3.1942643
2770.0831	0.2594568	0.35065518	-3.2184406
2762.4309	0.25978057	0.3507554	-3.2428359
2754.8209	0.26010449	0.35085491	-3.2674529
2747.2527	0.26042855	0.35095372	-3.2922943
2739.726	0.26075277	0.35105182	-3.3173629
2732.2404	0.26107712	0.35114923	-3.3426613
2724.7956	0.26140162	0.35124593	-3.3681926
2717.3913	0.26172625	0.35134195	-3.3939595
2710.0271	0.26205103	0.35143728	-3.4199651
2702.7027	0.26237593	0.35153192	-3.4462123
2695.4178	0.26270097	0.35162588	-3.4727041
2688.172	0.26302614	0.35171915	-3.4994437
2680.9651	0.26335144	0.35181176	-3.5264341
2673.7968	0.26367686	0.35190368	-3.5536785
2666.6667	0.26400241	0.35199494	-3.5811803
2659.5745	0.26432808	0.35208553	-3.6089426
2652.5199	0.26465386	0.35217545	-3.6369689
2645.5026	0.26497976	0.35226471	-3.6652625
2638.5224	0.26530578	0.35235332	-3.6938269
2631.5789	0.26563191	0.35244126	-3.7226656
2624.6719	0.26595815	0.35252856	-3.7517823
2617.801	0.26628449	0.3526152	-3.7811805
2610.9661	0.26661095	0.3527012	-3.810864
2604.1667	0.2669375	0.35278656	-3.8408365
2597.4026	0.26726416	0.35287128	-3.8711019
2590.6736	0.26759092	0.35295535	-3.901664
2583.9793	0.26791778	0.3530388	-3.9325269
2577.3196	0.26824473	0.35312161	-3.9636945
2570.6941	0.26857177	0.3532038	-3.9951711
2564.1026	0.26889891	0.35328536	-4.0269607
2557.5448	0.26922613	0.35336629	-4.0590677
2551.0204	0.26955344	0.35344661	-4.0914964
2544.5293	0.26988084	0.35352631	-4.1242511
2538.0711	0.27020832	0.3536054	-4.1573364
2531.6456	0.27053588	0.35368388	-4.1907569
2525.2525	0.27086353	0.35376174	-4.2245171
2518.8917	0.27119125	0.35383901	-4.258622
2512.5628	0.27151904	0.35391567	-4.2930762
2506.2657	0.27184691	0.35399174	-4.3278847
2500	0.27217485	0.3540672	-4.3630525
2493.7656	0.27250286	0.35414208	-4.3985848
2487.5622	0.27283093	0.35421636	-4.4344866
2481.3896	0.27315908	0.35429006	-4.4707634
2475.2475	0.27348729	0.35436317	-4.5074205
2469.1358	0.27381555	0.35443571	-4.5444634
2463.0542	0.27414388	0.35450766	-4.5818977
2457.0025	0.27447227	0.35457904	-4.6197291
2450.9804	0.27480072	0.35464984	-4.6579635
2444.9878	0.27512922	0.35472007	-4.6966068
2439.0244	0.27545777	0.35478974	-4.735665
2433.09	0.27578637	0.35485884	-4.7751444
2427.1845	0.27611503	0.35492738	-4.8150511
2421.3075	0.27644373	0.35499536	-4.8553916
2415.4589	0.27677248	0.35506279	-4.8961725
2409.6386	0.27710127	0.35512966	-4.9374004
2403.8462	0.2774301	0.35519598	-4.9790821
2398.0815	0.27775898	0.35526176	-5.0212246
2392.3445	0.27808789	0.35532699	-5.063835
2386.6348	0.27841684	0.35539167	-5.1069205
2380.9524	0.27874582	0.35545582	-5.1504884
2375.2969	0.27907484	0.35551943	-5.1945463
2369.6682	0.2794039	0.35558251	-5.2391019
2364.0662	0.27973298	0.35564505	-5.284163
2358.4906	0.28006209	0.35570707	-5.3297376
2352.9412	0.28039123	0.35576856	-5.3758339
2347.4178	0.28072039	0.35582952	-5.4224603
2341.9204	0.28104958	0.35588997	-5.4696252
2336.4486	0.28137879	0.3559499	-5.5173374
2331.0023	0.28170802	0.35600931	-5.5656058
2325.5814	0.28203726	0.35606821	-5.6144395
2320.1856	0.28236653	0.3561266	-5.6638477
2314.8148	0.28269581	0.35618448	-5.7138399
2309.4688	0.28302511	0.35624186	-5.7644258
2304.1475	0.28335442	0.35629874	-5.8156154
2298.8506	0.28368374	0.35635511	-5.8674187
2293.578	0.28401307	0.35641099	-5.9198462
2288.3295	0.2843424	0.35646638	-5.9729083
2283.105	0.28467175	0.35652127	-6.026616
2277.9043	0.28500109	0.35657568	-6.0809802
2272.7273	0.28533045	0.35662959	-6.1360123
2267.5737	0.2856598	0.35668303	-6.191724
2262.4434	0.28598915	0.35673598	-6.2481269
2257.3363	0.28631851	0.35678845	-6.3052334
2252.2523	0.28664786	0.35684045	-6.3630557
2247.191	0.2869772	0.35689197	-6.4216066
2242.1525	0.28730655	0.35694303	-6.480899
2237.1365	0.28763588	0.35699361	-6.5409463
2232.1429	0.2879652	0.35704372	-6.6017622
2227.1715	0.28829452	0.35709338	-6.6633604
2222.2222	0.28862382	0.35714257	-6.7257555
2217.2949	0.28895312	0.3571913	-6.7889619
2212.3894	0.28928239	0.35723957	-6.8529947
2207.5055	0.28961166	0.35728739	-6.9178692
2202.6432	0.2899409	0.35733476	-6.9836012
2197.8022	0.29027013	0.35738168	-7.0502069
2192.9825	0.29059934	0.35742816	-7.1177028
2188.1838	0.29092852	0.35747419	-7.1861058
2183.4061	0.29125769	0.35751977	-7.2554334
2178.6492	0.29158683	0.35756492	-7.3257034
2173.913	0.29191594	0.35760963	-7.3969341
2169.1974	0.29224503	0.3576539	-7.4691442
2164.5022	0.29257409	0.35769775	-7.5423531
2159.8272	0.29290312	0.35774116	-7.6165806
2155.1724	0.29323213	0.35778414	-7.6918468
2150.5376	0.2935611	0.3578267	-7.7681727
2145.9227	0.29389003	0.35786883	-7.8455796
2141.3276	0.29421894	0.35791055	-7.9240895
2136.7521	0.2945478	0.35795184	-8.0037251
2132.1962	0.29487663	0.35799272	-8.0845094
2127.6596	0.29520543	0.35803319	-8.1664663
2123.1423	0.29553418	0.35807324	-8.2496203
2118.6441	0.29586289	0.35811289	-8.3339966
2114.1649	0.29619157	0.35815212	-8.419621
2109.7046	0.29652019	0.35819096	-8.5065202
2105.2632	0.29684878	0.35822938	-8.5947216
2100.8403	0.29717732	0.35826741	-8.6842532
2096.4361	0.29750581	0.35830504	-8.7751441
2092.0502	0.29783425	0.35834228	-8.867424
2087.6827	0.29816265	0.35837912	-8.9611238
2083.3333	0.29849099	0.35841556	-9.0562749
2079.0021	0.29881929	0.35845162	-9.15291
2074.6888	0.29914753	0.3584873	-9.2510625
2070.3934	0.29947571	0.35852258	-9.3507671
2066.1157	0.29980385	0.35855748	-9.4520592
2061.8557	0.30013192	0.35859201	-9.5549756
2057.6132	0.30045994	0.35862615	-9.6595541
2053.3881	0.3007879	0.35865992	-9.7658337
2049.1803	0.30111581	0.35869331	-9.8738546
2044.9898	0.30144365	0.35872633	-9.9836584
2040.8163	0.30177143	0.35875898	-10.095288
2036.6599	0.30209914	0.35879126	-10.208787
2032.5203	0.30242679	0.35882318	-10.324202
2028.3976	0.30275438	0.35885473	-10.441579
2024.2915	0.3030819	0.35888592	-10.560968
2020.202	0.30340936	0.35891675	-10.682419
2016.129	0.30373674	0.35894722	-10.805983
2012.0724	0.30406406	0.35897734	-10.931715
2008.0321	0.30439131	0.3590071	-11.05967
2004.008	0.30471848	0.35903651	-11.189905
2000	0.30504559	0.35906557	-11.322481
1996.008	0.30537261	0.35909428	-11.457458
1992.0319	0.30569957	0.35912265	-11.594901
1988.0716	0.30602645	0.35915067	-11.734876
1984.127	0.30635325	0.35917835	-11.87745
1980.198	0.30667998	0.3592057	-12.022696
1976.2846	0.30700662	0.3592327	-12.170686
1972.3866	0.30733319	0.35925937	-12.321497
1968.5039	0.30765967	0.3592857	-12.475208
1964.6365	0.30798608	0.3593117	-12.6319
1960.7843	0.3083124	0.35933738	-12.79166
1956.9472	0.30863864	0.35936272	-12.954575
1953.125	0.30896479	0.35938774	-13.120738
1949.3177	0.30929086	0.35941243	-13.290244
1945.5253	0.30961684	0.3594368	-13.463192
1941.7476	0.30994274	0.35946085	-13.639686
1937.9845	0.31026855	0.35948458	-13.819833
1934.236	0.31059426	0.35950799	-14.003744
1930.5019	0.31091989	0.35953109	-14.191537
1926.7823	0.31124542	0.35955388	-14.383332
1923.0769	0.31157087	0.35957635	-14.579256
1919.3858	0.31189622	0.35959852	-14.779441
1915.7088	0.31222148	0.35962037	-14.984023
1912.0459	0.31254664	0.35964193	-15.193147
1908.3969	0.3128717	0.35966317	-15.406961
1904.7619	0.31319667	0.35968412	-15.625623
1901.1407	0.31352154	0.35970476	-15.849296
1897.5332	0.31384632	0.35972511	-16.078149
1893.9394	0.31417099	0.35974515	-16.312362
1890.3592	0.31449557	0.35976491	-16.552122
1886.7925	0.31482004	0.35978437	-16.797624
1883.2392	0.31514441	0.35980354	-17.049074
1879.6992	0.31546868	0.35982241	-17.306685
1876.1726	0.31579284	0.359841	-17.570684
1872.6592	0.3161169	0.35985931	-17.841306
1869.1589	0.31644086	0.35987733	-18.1188
1865.6716	0.31676471	0.35989506	-18.403427
1862.1974	0.31708845	0.35991251	-18.695461
1858.7361	0.31741209	0.35992969	-18.995189
1855.2876	0.31773561	0.35994658	-19.302917
1851.8519	0.31805903	0.3599632	-19.618962
1848.4288	0.31838233	0.35997955	-19.943662
1845.0185	0.31870553	0.35999562	-20.277373
1841.6206	0.31902861	0.36001142	-20.620469
1838.2353	0.31935158	0.36002695	-20.973347
1834.8624	0.31967444	0.36004222	-21.336426
1831.5018	0.31999718	0.36005721	-21.710147
1828.1536	0.32031981	0.36007194	-22.094981
1824.8175	0.32064232	0.36008641	-22.491425
1821.4936	0.32096472	0.36010062	-22.900005
1818.1818	0.321287	0.36011456	-23.321281
1814.882	0.32160916	0.36012825	-23.755848
1811.5942	0.3219312	0.36014168	-24.204337
1808.3183	0.32225312	0.36015486	-24.667421
1805.0542	0.32257493	0.36016778	-25.145818
1801.8018	0.32289661	0.36018045	-25.640291
1798.5612	0.32321817	0.36019286	-26.151657
1795.3321	0.3235396	0.36020503	-26.680789
1792.1147	0.32386092	0.36021696	-27.22862
1788.9088	0.32418211	0.36022863	-27.796151
1785.7143	0.32450317	0.36024006	-28.384454
1782.5312	0.32482411	0.36025125	-28.994681
1779.3594	0.32514492	0.3602622	-29.628073
1776.1989	0.32546561	0.3602729	-30.285962
1773.0496	0.32578617	0.36028337	-30.969788
1769.9115	0.3261066	0.3602936	-31.681105
1766.7845	0.3264269	0.36030359	-32.421591
1763.6684	0.32674707	0.36031336	-33.193068
1760.5634	0.32706712	0.36032288	-33.99751
1757.4692	0.32738703	0.36033218	-34.837063
1754.386	0.32770681	0.36034125	-35.714062
1751.3135	0.32802646	0.36035008	-36.631057
1748.2517	0.32834597	0.36035869	-37.590832
1745.2007	0.32866535	0.36036708	-38.596437
1742.1603	0.3289846	0.36037524	-39.651217
1739.1304	0.32930371	0.36038318	-40.758854
1736.1111	0.32962268	0.3603909	-41.923404
1733.1023	0.32994152	0.36039839	-43.14935
1730.1038	0.33026023	0.36040567	-44.441659
1727.1157	0.33057879	0.36041273	-45.805847
1724.1379	0.33089722	0.36041958	-47.248061
1721.1704	0.33121551	0.36042621	-48.775167
1718.2131	0.33153366	0.36043263	-50.394863
1715.2659	0.33185167	0.36043883	-52.115806
1712.3288	0.33216954	0.36044483	-53.947767
1709.4017	0.33248726	0.36045062	-55.901815
1706.4846	0.33280485	0.3604562	-57.990543
1703.5775	0.33312229	0.36046157	-60.228335
1700.6803	0.33343959	0.36046673	-62.631702
1697.7929	0.33375675	0.3604717	-65.219684
1694.9153	0.33407376	0.36047646	-68.01436
1692.0474	0.33439063	0.36048102	-71.041472
1689.1892	0.33470735	0.36048538	-74.331225
1686.3406	0.33502393	0.36048954	-77.919292
1683.5017	0.33534035	0.3604935	-81.848114
1680.6723	0.33565664	0.36049727	-86.168583
1677.8523	0.33597277	0.36050084	-90.942257
1675.0419	0.33628876	0.36050422	-96.244308
1672.2408	0.33660459	0.36050741	-102.1675
1669.4491	0.33692028	0.3605104	-108.82768
1666.6667	0.33723582	0.36051321	-116.37139
