380	1.0949
381	1.0906
382	1.0898
383	1.0855
384	1.0855
385	1.0855
386	1.0812
387	1.0804
388	1.0761
389	1.0754
390	1.0683
391	1.0617
392	1.0607
393	1.0422
394	1.0378
395	1.0257
396	1.014
397	0.99883
398	0.98078
399	0.97572
400	0.95189
401	0.93744
402	0.92812
403	0.90889
404	0.88788
405	0.86161
406	0.84263
407	0.8242
408	0.80311
409	0.78152
410	0.76057
411	0.73956
412	0.71782
413	0.69681
414	0.6758
415	0.65407
416	0.61356
417	0.60378
418	0.5897
419	0.56218
420	0.54239
421	0.5198
422	0.50411
423	0.48474
424	0.45644
425	0.43117
426	0.39433
427	0.38948
428	0.37904
429	0.3705
430	0.35678
431	0.33728
432	0.32789
433	0.31285
434	0.29394
435	0.28456
436	0.27517
437	0.27083
438	0.25796
439	0.25639
440	0.25107
441	0.23761
442	0.23256
443	0.23256
444	0.2275
445	0.22317
446	0.22317
447	0.22257
448	0.21811
449	0.21378
450	0.21378
451	0.21378
452	0.20872
453	0.20872
454	0.20872
455	0.21306
456	0.21306
457	0.21378
458	0.21378
459	0.21371
460	0.20872
461	0.21306
462	0.21306
463	0.21306
464	0.21378
465	0.21811
466	0.21811
467	0.21811
468	0.21811
469	0.22317
470	0.22244
471	0.21811
472	0.21811
473	0.21811
474	0.21811
475	0.21811
476	0.21811
477	0.21811
478	0.21811
479	0.21811
480	0.22244
481	0.21844
482	0.21811
483	0.21811
484	0.21378
485	0.21306
486	0.20872
487	0.21306
488	0.21277
489	0.20872
490	0.20432
491	0.20367
492	0.20367
493	0.19933
494	0.19933
495	0.19933
496	0.19428
497	0.18994
498	0.19428
499	0.18994
500	0.18443
501	0.17983
502	0.18489
503	0.17983
504	0.1755
505	0.1755
506	0.1755
507	0.17465
508	0.16611
509	0.16539
510	0.16106
511	0.16106
512	0.156
513	0.156
514	0.156
515	0.15094
516	0.14228
517	0.14156
518	0.13722
519	0.13722
520	0.1352
521	0.13144
522	0.12928
523	0.12652
524	0.12278
525	0.11877
526	0.1149
527	0.1105
528	0.10833
529	0.10617
530	0.104
531	0.098944
532	0.098944
533	0.094611
534	0.093889
535	0.094545
536	0.090737
537	0.0845
538	0.0845
539	0.081939
540	0.079444
541	0.075111
542	0.073667
543	0.0715
544	0.065722
545	0.065722
546	0.061389
547	0.061126
548	0.057778
549	0.056267
550	0.054167
551	0.052131
552	0.051147
553	0.049833
554	0.048389
555	0.046222
556	0.046222
557	0.044778
558	0.036833
559	0.036833
560	0.036833
561	0.036833
562	0.0325
563	0.031778
564	0.031778
565	0.031778
566	0.027444
567	0.022389
568	0.022389
569	0.022258
570	0.017333
571	0.01468
572	0.013
573	0.013
574	0.013
575	0.013
576	0.013
577	0.0086667
578	0.0086667
579	0.0079444
580	0.0079444
581	0.0079444
582	0.0079444
583	0.0079444
584	0.0079444
585	0.0079429
586	0.0079312
587	0.0079082
588	0.0078738
589	0.0078285
590	0.0077718
591	0.0077039
592	0.0076247
593	0.0075345
594	0.0074332
595	0.0073208
596	0.0071875
597	0.0067616
598	0.0061049
599	0.005458
600	0.0050812
601	0.0050556
602	0.0050556
603	0.0050556
604	0.0050556
605	0.0050556
606	0.0050556
607	0.0050556
608	0.0050556
609	0.0050556
610	0.0050556
611	0.0050556
612	0.0050556
613	0.0050556
614	0.0050556
615	0.0050556
616	0.0050556
617	0.0050556
618	0.0050556
619	0.0050556
620	0.0050556
621	0.0050556
622	0.0050556
623	0.0050556
624	0.0050556
625	0.0050556
626	0.0050556
627	0.0050556
628	0.0050556
629	0.0050556
630	0.0050556
631	0.0050556
632	0.0050556
633	0.0050556
634	0.0050556
635	0.0050569
636	0.00511
637	0.005233
638	0.0054141
639	0.0056419
640	0.0059049
641	0.0061914
642	0.0064898
643	0.0067872
644	0.007076
645	0.0073392
646	0.0075697
647	0.0077549
648	0.0078827
649	0.0079417
650	0.0021667
651	0.0021667
652	0.0021667
653	0.0021667
654	0.0021667
655	0.0021667
656	0.0021667
657	0.0021667
658	0.0021667
659	0.0021667
660	0.0021667
661	0.0021667
662	0.0021667
663	0.0021667
664	0.0021667
665	0.0021667
666	0.0021667
667	0.0021667
668	0.0021667
669	0.0021667
670	0.0021667
671	0.0021667
672	0.0021667
673	0.0021667
674	0.0021667
675	0.0021667
676	0.0021667
677	0.0021667
678	0.0021667
679	0.0021667
680	0.0021667
681	0.0021667
682	0.0021667
683	0.0021667
684	0.0021667
685	0.0021667
686	0.0021667
687	0.0021667
688	0.0021667
689	0.0021667
690	0.0021667
691	0.0021667
692	0.0021667
693	0.0021667
694	0.0021667
695	0.0021667
696	0.0021667
697	0.0021667
698	0.0021667
699	0.0021667
700	0.0021667
701	0.0021667
702	0.0021667
703	0.0021667
704	0.0021667
705	0.0021667
706	0.0021667
707	0.0021667
708	0.0021667
709	0.0021667
710	0.0021667
711	0.0021667
712	0.0021667
713	0.0021667
714	0.0021667
715	0.0021667
716	0.0021667
717	0.0021667
718	0.0021667
719	0.0021667
720	0.0021667
721	0.0021667
722	0.0021667
723	0.0021667
724	0.0021667
725	0.0021667
726	0.0021667
727	0.0021667
728	0.0021667
729	0.0021667
730	0.0021667
731	0.0021667
732	0.0021667
733	0.0021667
734	0.0021667
735	0.0021667
736	0.0021667
737	0.0021667
738	0.0021667
739	0.0021667
740	0.0021667
741	0.0021667
742	0.0021667
743	0.0021667
744	0.0021667
745	0.0021667
746	0.0021667
747	0.0021667
748	0.0021667
749	0.0021667
750	0.0021667
751	0.0021667
752	0.0021667
753	0.0021667
754	0.0021667
755	0.0021667
756	0.0021667
757	0.0021667
758	0.0021667
759	0.0021667
760	0.0021667
761	0.0021667
762	0.0021667
763	0.0021667
764	0.0021667
765	0.0021667
766	0.0021667
767	0.0021667
768	0.0021667
769	0.0021667
770	0.0021667
771	0.0021667
772	0.0021667
773	0.0021667
774	0.0021667
775	0.0021667
776	0.0021667
777	0.0021667
778	0.0021667
779	0.0021667
780	0.0021667
